240 10
242.912 9.98735
245.81 9.94967
248.677 9.88781
251.502 9.80311
254.271 9.69735
256.974 9.57262
259.601 9.43124
262.145 9.27564
264.601 9.10827
266.963 8.93153
269.231 8.74767
271.403 8.55878
273.478 8.36673
275.459 8.17317
277.347 7.97954
279.144 7.78705
280.854 7.59671
282.48 7.40934
284.026 7.2256
285.439 7.05302
240 12.3224
242.933 12.3068
245.851 12.2602
248.739 12.1837
251.583 12.0789
254.37 11.9482
257.089 11.794
259.731 11.6192
262.289 11.4269
264.757 11.2201
267.13 11.0017
269.407 10.7746
271.586 10.5413
273.668 10.3041
275.653 10.0652
277.545 9.82615
279.345 9.58858
281.058 9.3537
282.685 9.12253
284.232 8.89587
285.644 8.68301
240 14.6373
242.954 14.6186
245.893 14.5632
248.801 14.4722
251.664 14.3476
254.47 14.192
257.206 14.0086
259.863 13.8007
262.435 13.572
264.914 13.326
267.298 13.0664
269.584 12.7963
271.771 12.5189
273.859 12.237
275.85 11.9529
277.745 11.6688
279.549 11.3864
281.263 11.1072
282.892 10.8325
284.439 10.5632
285.851 10.3102
240 16.937
242.976 16.9155
245.936 16.8514
248.865 16.7461
251.747 16.602
254.571 16.4221
257.324 16.2099
259.997 15.9695
262.582 15.705
265.074 15.4205
267.469 15.1201
269.764 14.8078
271.958 14.4869
274.052 14.1608
276.048 13.8322
277.947 13.5036
279.754 13.1769
281.47 12.854
283.1 12.5362
284.647 12.2246
286.06 11.932
240 19.2146
242.998 19.1902
245.979 19.1176
248.929 18.9985
251.831 18.8354
254.673 18.6318
257.444 18.3917
260.132 18.1195
262.732 17.82
265.236 17.4979
267.641 17.1578
269.945 16.8041
272.147 16.4407
274.247 16.0713
276.248 15.6991
278.151 15.3268
279.96 14.9566
281.678 14.5907
283.309 14.2305
284.857 13.8773
286.27 13.5456
240 21.4631
243.02 21.436
246.023 21.3553
248.994 21.2228
251.916 21.0414
254.778 20.8149
257.565 20.5478
260.27 20.2449
262.883 19.9117
265.4 19.5531
267.815 19.1745
270.128 18.7807
272.338 18.376
274.445 17.9645
276.45 17.5497
278.357 17.1348
280.169 16.7222
281.889 16.3143
283.521 15.9126
285.069 15.5187
286.481 15.1487
240 23.6764
243.043 23.6467
246.068 23.5583
249.06 23.413
252.003 23.2141
254.883 22.9657
257.688 22.6727
260.409 22.3405
263.036 21.9748
265.565 21.5813
267.992 21.1656
270.314 20.733
272.531 20.2884
274.644 19.8363
276.654 19.3804
278.565 18.9242
280.379 18.4704
282.101 18.0216
283.734 17.5797
285.282 17.1461
286.694 16.7387
240 25.849
243.065 25.8168
246.113 25.721
249.127 25.5636
252.091 25.3482
254.99 25.079
257.813 24.7614
260.549 24.4012
263.191 24.0046
265.733 23.5778
268.17 23.1267
270.501 22.6571
272.726 22.1744
274.845 21.6831
276.86 21.1877
278.775 20.6917
280.591 20.1983
282.315 19.71
283.948 19.229
285.497 18.757
286.908 18.3133
240 27.9757
243.089 27.9412
246.159 27.8385
249.195 27.6698
252.18 27.4388
255.099 27.1501
257.94 26.8094
260.692 26.4228
263.348 25.9971
265.903 25.5386
268.351 25.054
270.691 24.5493
272.923 24.0302
275.048 23.5017
277.068 22.9685
278.986 22.4345
280.805 21.9029
282.53 21.3767
284.165 20.8582
285.713 20.3491
287.124 19.8704
240 30.0525
243.112 30.0158
246.206 29.9067
249.264 29.7275
252.27 29.4819
255.209 29.175
258.068 28.8127
260.837 28.4015
263.508 27.9484
266.074 27.4603
268.534 26.9441
270.883 26.4062
273.123 25.8528
275.254 25.289
277.278 24.72
279.2 24.1497
281.021 23.5819
282.748 23.0194
284.383 22.4649
285.931 21.9202
287.342 21.4079
240 32.0757
243.136 32.0371
246.254 31.922
249.334 31.733
252.362 31.4741
255.32 31.1503
258.198 30.768
260.983 30.3339
263.669 29.8554
266.248 29.3397
268.718 28.794
271.077 28.2251
273.324 27.6393
275.461 27.0424
277.49 26.4395
279.415 25.835
281.239 25.2327
282.967 24.6359
284.603 24.047
286.151 23.4684
287.561 22.9239
240 34.0426
243.16 34.0022
246.302 33.8817
249.405 33.6838
252.454 33.4126
255.434 33.0733
258.33 32.6726
261.132 32.2175
263.832 31.7155
266.425 31.1742
268.905 30.6011
271.273 30.0034
273.528 29.3875
275.671 28.7596
277.705 28.125
279.633 27.4883
281.459 26.8535
283.188 26.2241
284.824 25.6028
286.372 24.9919
287.781 24.4167
240 35.9511
243.185 35.909
246.351 35.7837
249.478 35.5776
252.549 35.2952
255.549 34.9419
258.463 34.5244
261.282 34.05
263.998 33.5265
266.603 32.9618
269.095 32.3635
271.472 31.7391
273.734 31.0954
275.883 30.4387
277.921 29.7744
279.852 29.1076
281.68 28.4424
283.411 27.7824
285.047 27.1305
286.595 26.4892
288.003 25.8849
240 37.7997
243.21 37.7561
246.4 37.6263
249.551 37.413
252.645 37.1205
255.665 36.7546
258.599 36.3219
261.435 35.83
264.165 35.2869
266.783 34.7008
269.286 34.0795
271.672 33.4306
273.942 32.7613
276.096 32.0779
278.139 31.3863
280.074 30.6916
281.904 29.998
283.635 29.3094
285.272 28.6288
286.82 27.9587
288.227 27.3271
240 39.5874
243.236 39.5426
246.451 39.4088
249.625 39.189
252.742 38.8875
255.783 38.5102
258.736 38.0639
261.59 37.5563
264.335 36.9956
266.966 36.3901
269.48 35.7479
271.875 35.0767
274.152 34.3839
276.313 33.6762
278.36 32.9594
280.297 32.2388
282.13 31.5189
283.862 30.8037
285.499 30.0963
287.046 29.3995
288.452 28.7421
240 41.3141
243.261 41.268
246.502 41.1308
249.701 40.9052
252.841 40.5958
255.903 40.2083
258.876 39.7499
261.747 39.2283
264.507 38.6518
267.152 38.0289
269.676 37.3678
272.081 36.6765
274.365 35.9625
276.531 35.2325
278.582 34.4926
280.523 33.7483
282.357 33.0043
284.09 32.2645
285.727 31.5322
287.274 30.8104
288.679 30.1289
240 42.9796
243.288 42.9326
246.554 42.7923
249.778 42.5617
252.941 42.2452
256.025 41.8488
259.017 41.3797
261.906 40.8457
264.682 40.2552
267.339 39.6168
269.875 38.9389
272.288 38.2295
274.58 37.4963
276.752 36.7462
278.807 35.9854
280.751 35.2195
282.587 34.4532
284.321 33.6908
285.958 32.9356
287.504 32.1906
288.907 31.4868
240 44.5846
243.314 44.5367
246.607 44.3938
249.856 44.1588
253.042 43.8362
256.149 43.4321
259.161 42.9536
262.067 42.4087
264.858 41.8059
267.529 41.1539
270.076 40.461
272.499 39.7355
274.797 38.9852
276.975 38.217
279.034 37.4373
280.98 36.6517
282.818 35.8653
284.553 35.0822
286.19 34.3059
287.735 33.5396
289.137 32.8151
240 46.13
243.342 46.0813
246.661 45.9361
249.935 45.6973
253.146 45.3695
256.275 44.9587
259.307 44.4722
262.231 43.9178
265.037 43.3043
267.721 42.6402
270.28 41.9342
272.711 41.1946
275.017 40.429
277.2 39.6447
279.264 38.848
281.212 38.0448
283.052 37.2401
284.787 36.4382
286.424 35.6427
287.968 34.8568
289.369 34.1133
240 47.6168
243.369 47.5675
246.715 47.4204
250.016 47.1784
253.251 46.8461
256.402 46.4296
259.455 45.9361
262.396 45.3737
265.219 44.7509
267.916 44.0765
270.486 43.359
272.926 42.6069
275.239 41.828
277.428 41.0294
279.495 40.2177
281.447 39.3987
283.287 38.5776
285.023 37.7587
286.66 36.9458
288.203 36.1421
289.602 35.3811
240 49.0465
243.397 48.9966
246.771 48.8479
250.098 48.6032
253.357 48.2672
256.531 47.8459
259.605 47.3466
262.565 46.7773
265.403 46.1466
268.114 45.4633
270.694 44.736
273.144 43.9731
275.464 43.1825
277.658 42.3714
279.729 41.5465
281.683 40.7135
283.525 39.8777
285.261 39.0436
286.897 38.215
288.439 37.3951
289.837 36.6183
240 50.4205
243.426 50.3702
246.827 50.2202
250.181 49.9733
253.466 49.6342
256.663 49.209
259.757 48.7048
262.735 48.1297
265.589 47.4924
268.314 46.8016
270.905 46.066
273.364 45.2939
275.691 44.4932
277.89 43.6713
279.965 42.8347
281.921 41.9895
283.765 41.1407
285.501 40.2931
287.137 39.4504
288.677 38.6159
290.074 37.8248
240 51.7406
243.455 51.6899
246.885 51.5389
250.266 51.2902
253.576 50.9487
256.796 50.5202
259.911 50.0121
262.908 49.4323
265.779 48.7896
268.516 48.0925
271.119 47.3499
273.587 46.57
275.921 45.7608
278.125 44.9296
280.204 44.083
282.162 43.227
284.007 42.367
285.743 41.5073
287.378 40.6521
288.917 39.8047
290.312 39.0006
240 53.0086
243.484 52.9577
246.943 52.8058
250.351 52.5558
253.688 52.2122
256.932 51.7812
260.068 51.27
263.084 50.6865
265.97 50.0393
268.722 49.3372
271.336 48.5888
273.812 47.8025
276.153 46.9861
278.362 46.147
280.445 45.2919
282.405 44.4268
284.251 43.5568
285.987 42.6867
287.621 41.8205
289.159 40.9615
290.551 40.1459
240 54.2264
243.514 54.1752
247.002 54.0227
250.439 53.7716
253.801 53.4266
257.07 52.9937
260.227 52.48
263.262 51.8936
266.165 51.243
268.93 50.5369
271.555 49.7839
274.04 48.9924
276.388 48.1701
278.602 47.3245
280.688 46.4622
282.651 45.5893
284.497 44.7109
286.233 43.8317
287.866 42.9559
289.403 42.0867
290.793 41.2609
240 55
243.534 54.9487
247.042 54.7959
250.497 54.5444
253.877 54.1986
257.161 53.7647
260.333 53.2499
263.381 52.662
266.294 52.0096
269.068 51.3013
271.7 50.5459
274.192 49.7515
276.544 48.9261
278.761 48.0769
280.849 47.2106
282.813 46.3331
284.66 45.4499
286.396 44.5656
288.028 43.6841
289.564 42.809
290.952 41.9772
