TotalLine TotalSize(MB) TotalTime(s) StorageLine CrossCertifiedErrorLine Timestamp
0 0 0 0 0 0 0
702812 135.573 40 702812 0 2017-10-15 23:29:09
1581327 305.374 80 1581327 0 2017-10-15 23:29:50
2459842 475.679 120 2459842 0 2017-10-15 23:30:31
3338357 645.984 160 3338357 0 2017-10-15 23:31:13
4216872 816.289 200 4216872 0 2017-10-15 23:31:54
5095387 986.594 240 5095387 0 2017-10-15 23:32:35
5973902 1156.89 280 5973902 0 2017-10-15 23:33:16
6852417 1327.19 320 6852417 0 2017-10-15 23:33:57
7730932 1497.49 360 7730932 0 2017-10-15 23:34:38
8609447 1667.79 400 8609447 0 2017-10-15 23:35:19
9487962 1838.09 440 9487962 0 2017-10-15 23:36:01
10366477 2008.39 480 10366477 0 2017-10-15 23:36:42
11244992 2178.69 520 11244992 0 2017-10-15 23:37:23
12123507 2348.99 560 12123507 0 2017-10-15 23:38:04
13002022 2519.29 600 13002022 0 2017-10-15 23:38:45
13880537 2689.59 640 13880537 0 2017-10-15 23:39:25
14759052 2859.89 680 14759052 0 2017-10-15 23:40:06
15637567 3030.19 720 15637567 0 2017-10-15 23:40:47
16516082 3200.49 760 16516082 0 2017-10-15 23:41:28
17394597 3371.13 800 17394597 0 2017-10-15 23:42:09
18273112 3542.28 840 18273112 0 2017-10-15 23:42:50
19151627 3713.43 880 19151627 0 2017-10-15 23:43:31
20030142 3884.58 920 20030142 0 2017-10-15 23:44:12
20908657 4055.73 960 20908657 0 2017-10-15 23:44:53
21787172 4226.88 1000 21787172 0 2017-10-15 23:45:34
22665687 4398.03 1040 22665687 0 2017-10-15 23:46:15
23544202 4569.18 1080 23544202 0 2017-10-15 23:46:56
24422717 4740.33 1120 24422717 0 2017-10-15 23:47:37
25301232 4911.48 1160 25301232 0 2017-10-15 23:48:18
26179747 5082.63 1200 26179747 0 2017-10-15 23:48:59
27058262 5253.78 1240 27058262 0 2017-10-15 23:49:40
27936777 5424.93 1280 27936777 0 2017-10-15 23:50:20
28815292 5596.08 1320 28815292 0 2017-10-15 23:51:02
29693807 5767.23 1360 29693807 0 2017-10-15 23:51:43
30572322 5938.38 1400 30572322 0 2017-10-15 23:52:24
31450837 6109.53 1440 31450837 0 2017-10-15 23:53:05
32329352 6280.68 1480 32329352 0 2017-10-15 23:53:47
33207867 6451.83 1520 33207867 0 2017-10-15 23:54:27
34086382 6622.98 1560 34086382 0 2017-10-15 23:55:08
34964897 6794.13 1600 34964897 0 2017-10-15 23:55:49
35843412 6965.28 1640 35843412 0 2017-10-15 23:56:30
36721927 7136.43 1680 36721927 0 2017-10-15 23:57:11
37600442 7307.58 1720 37600442 0 2017-10-15 23:57:52
38478957 7478.73 1760 38478957 0 2017-10-15 23:58:33
39357472 7649.88 1800 39357472 0 2017-10-15 23:59:14
40235987 7821.03 1840 40235987 0 2017-10-15 23:59:54
41114502 7992.18 1880 41114502 0 2017-10-16 00:00:35
41993017 8163.33 1920 41993017 0 2017-10-16 00:01:16
42871532 8334.48 1960 42871532 0 2017-10-16 00:01:57
43750047 8505.63 2000 43750047 0 2017-10-16 00:02:38
44628562 8676.78 2040 44628562 0 2017-10-16 00:03:19
45507077 8847.93 2080 45507077 0 2017-10-16 00:04:00
46385592 9019.08 2120 46385592 0 2017-10-16 00:04:41
47264107 9190.23 2160 47264107 0 2017-10-16 00:05:22
48142622 9361.38 2200 48142622 0 2017-10-16 00:06:04
49021137 9532.53 2240 49021137 0 2017-10-16 00:06:45
49899652 9703.68 2280 49899652 0 2017-10-16 00:07:27
50778167 9874.83 2320 50778167 0 2017-10-16 00:08:08
51656682 10045.9 2360 51656682 0 2017-10-16 00:08:48
52535197 10216.9 2400 52535197 0 2017-10-16 00:09:29
53413712 10387.9 2440 53413712 0 2017-10-16 00:10:10
54292227 10558.9 2480 54292227 0 2017-10-16 00:10:51
55170742 10729.9 2520 55170742 0 2017-10-16 00:11:32
56049257 10900.9 2560 56049257 0 2017-10-16 00:12:14
56927772 11071.9 2600 56927772 0 2017-10-16 00:12:55
57806287 11242.9 2640 57806287 0 2017-10-16 00:13:35
58684802 11413.9 2680 58684802 0 2017-10-16 00:14:16
59563317 11584.9 2720 59563317 0 2017-10-16 00:14:57
60441832 11755.9 2760 60441832 0 2017-10-16 00:15:39
61320347 11926.9 2800 61320347 0 2017-10-16 00:16:19
62198862 12097.9 2840 62198862 0 2017-10-16 00:17:00
63077377 12268.9 2880 63077377 0 2017-10-16 00:17:41
63955892 12439.9 2920 63955892 0 2017-10-16 00:18:22
64834407 12610.9 2960 64834407 0 2017-10-16 00:19:03
65712922 12781.9 3000 65712922 0 2017-10-16 00:19:44
66591437 12952.9 3040 66591437 0 2017-10-16 00:20:25
67469952 13123.9 3080 67469952 0 2017-10-16 00:21:06
68348467 13294.9 3120 68348467 0 2017-10-16 00:21:46
69226982 13465.9 3160 69226982 0 2017-10-16 00:22:27
70105497 13636.9 3200 70105497 0 2017-10-16 00:23:08
70984012 13807.9 3240 70984012 0 2017-10-16 00:23:49
71862527 13978.9 3280 71862527 0 2017-10-16 00:24:30
72741042 14149.9 3320 72741042 0 2017-10-16 00:25:11
73619557 14320.9 3360 73619557 0 2017-10-16 00:25:52
74498072 14491.9 3400 74498072 0 2017-10-16 00:26:33
75376587 14662.9 3440 75376587 0 2017-10-16 00:27:14
76255102 14833.9 3480 76255102 0 2017-10-16 00:27:55
77133617 15004.9 3520 77133617 0 2017-10-16 00:28:36
78012132 15175.9 3560 78012132 0 2017-10-16 00:29:17
78890647 15346.9 3600 78890647 0 2017-10-16 00:29:58
79769162 15517.9 3640 79769162 0 2017-10-16 00:30:39
80647677 15688.9 3680 80647677 0 2017-10-16 00:31:20
81526192 15859.9 3720 81526192 0 2017-10-16 00:32:00
82404707 16030.9 3760 82404707 0 2017-10-16 00:32:41
83283222 16201.9 3800 83283222 0 2017-10-16 00:33:22
84161737 16372.9 3840 84161737 0 2017-10-16 00:34:03
85040252 16543.9 3880 85040252 0 2017-10-16 00:34:44
85918767 16714.9 3920 85918767 0 2017-10-16 00:35:25
86797282 16885.9 3960 86797282 0 2017-10-16 00:36:06
87675797 17056.9 4000 87675797 0 2017-10-16 00:36:47
88554312 17227.9 4040 88554312 0 2017-10-16 00:37:27
89432827 17398.9 4080 89432827 0 2017-10-16 00:38:09
90311342 17569.9 4120 90311342 0 2017-10-16 00:38:50
91189857 17740.9 4160 91189857 0 2017-10-16 00:39:31
92068372 17911.9 4200 92068372 0 2017-10-16 00:40:12
92946887 18082.9 4240 92946887 0 2017-10-16 00:40:53
93825402 18253.9 4280 93825402 0 2017-10-16 00:41:34
94703917 18424.9 4320 94703917 0 2017-10-16 00:42:15
95582432 18595.9 4360 95582432 0 2017-10-16 00:42:56
96460947 18766.9 4400 96460947 0 2017-10-16 00:43:37
97339462 18937.9 4440 97339462 0 2017-10-16 00:44:18
98217977 19108.9 4480 98217977 0 2017-10-16 00:44:59
99096492 19279.9 4520 99096492 0 2017-10-16 00:45:40
99975007 19450.9 4560 99975007 0 2017-10-16 00:46:22
100853522 19621.9 4600 100853522 0 2017-10-16 00:47:02
101732037 19792.9 4640 101732037 0 2017-10-16 00:47:43
102610552 19963.9 4680 102610552 0 2017-10-16 00:48:24
103489067 20134.9 4720 103489067 0 2017-10-16 00:49:05
104367582 20305.9 4760 104367582 0 2017-10-16 00:49:45
105246097 20476.9 4800 105246097 0 2017-10-16 00:50:26
106124612 20647.9 4840 106124612 0 2017-10-16 00:51:07
107003127 20818.9 4880 107003127 0 2017-10-16 00:51:48
107881642 20989.9 4920 107881642 0 2017-10-16 00:52:29
108760157 21160.9 4960 108760157 0 2017-10-16 00:53:10
109638672 21331.9 5000 109638672 0 2017-10-16 00:53:52
110517187 21502.9 5040 110517187 0 2017-10-16 00:54:33
111395702 21673.9 5080 111395702 0 2017-10-16 00:55:13
112274217 21844.9 5120 112274217 0 2017-10-16 00:55:55
113152732 22015.9 5160 113152732 0 2017-10-16 00:56:36
114031247 22186.9 5200 114031247 0 2017-10-16 00:57:16
114909762 22357.9 5240 114909762 0 2017-10-16 00:57:57
115788277 22528.9 5280 115788277 0 2017-10-16 00:58:38
116666792 22699.9 5320 116666792 0 2017-10-16 00:59:19
117545307 22870.9 5360 117545307 0 2017-10-16 01:00:00
118423822 23041.9 5400 118423822 0 2017-10-16 01:00:41
119302337 23212.9 5440 119302337 0 2017-10-16 01:01:22
120180852 23383.9 5480 120180852 0 2017-10-16 01:02:03
121059367 23554.9 5520 121059367 0 2017-10-16 01:02:44
121937882 23725.9 5560 121937882 0 2017-10-16 01:03:25
122816397 23896.9 5600 122816397 0 2017-10-16 01:04:07
123694912 24067.9 5640 123694912 0 2017-10-16 01:04:47
124573427 24238.9 5680 124573427 0 2017-10-16 01:05:28
125451942 24409.9 5720 125451942 0 2017-10-16 01:06:09
126330457 24580.9 5760 126330457 0 2017-10-16 01:06:50
127208972 24751.9 5800 127208972 0 2017-10-16 01:07:32
128087487 24922.9 5840 128087487 0 2017-10-16 01:08:13
128966002 25093.9 5880 128966002 0 2017-10-16 01:08:54
129844517 25264.9 5920 129844517 0 2017-10-16 01:09:35
130723032 25435.9 5960 130723032 0 2017-10-16 01:10:16
131601547 25606.9 6000 131601547 0 2017-10-16 01:10:57
132480062 25777.9 6040 132480062 0 2017-10-16 01:11:38
133358577 25948.9 6080 133358577 0 2017-10-16 01:12:19
134237092 26119.9 6120 134237092 0 2017-10-16 01:13:00
135115607 26290.9 6160 135115607 0 2017-10-16 01:13:42
135994122 26461.9 6200 135994122 0 2017-10-16 01:14:23
136872637 26632.9 6240 136872637 0 2017-10-16 01:15:03
137751152 26803.9 6280 137751152 0 2017-10-16 01:15:44
138629667 26974.9 6320 138629667 0 2017-10-16 01:16:25
139508182 27145.9 6360 139508182 0 2017-10-16 01:17:06
140386697 27316.9 6400 140386697 0 2017-10-16 01:17:47
141265212 27487.9 6440 141265212 0 2017-10-16 01:18:28
142143727 27658.9 6480 142143727 0 2017-10-16 01:19:10
143022242 27829.9 6520 143022242 0 2017-10-16 01:19:51
143900757 28000.9 6560 143900757 0 2017-10-16 01:20:31
144779272 28171.9 6600 144779272 0 2017-10-16 01:21:14
145657787 28342.9 6640 145657787 0 2017-10-16 01:21:55
146536302 28513.9 6680 146536302 0 2017-10-16 01:22:36
147414817 28684.9 6720 147414817 0 2017-10-16 01:23:17
148293332 28855.9 6760 148293332 0 2017-10-16 01:23:58
149171847 29026.9 6800 149171847 0 2017-10-16 01:24:39
150050362 29197.9 6840 150050362 0 2017-10-16 01:25:20
150928877 29368.9 6880 150928877 0 2017-10-16 01:26:01
151807392 29539.9 6920 151807392 0 2017-10-16 01:26:42
152685907 29710.9 6960 152685907 0 2017-10-16 01:27:23
153564422 29881.9 7000 153564422 0 2017-10-16 01:28:04
154442937 30052.9 7040 154442937 0 2017-10-16 01:28:45
155321452 30223.9 7080 155321452 0 2017-10-16 01:29:27
156199967 30394.9 7120 156199967 0 2017-10-16 01:30:08
157078482 30565.9 7160 157078482 0 2017-10-16 01:30:49
157956997 30736.9 7200 157956997 0 2017-10-16 01:31:30
158835512 30907.9 7240 158835512 0 2017-10-16 01:32:10
159714027 31078.9 7280 159714027 0 2017-10-16 01:32:51
160592542 31249.9 7320 160592542 0 2017-10-16 01:33:32
161471057 31420.9 7360 161471057 0 2017-10-16 01:34:13
162349572 31591.9 7400 162349572 0 2017-10-16 01:34:54
163228087 31762.9 7440 163228087 0 2017-10-16 01:35:35
164106602 31933.9 7480 164106602 0 2017-10-16 01:36:16
164985117 32104.9 7520 164985117 0 2017-10-16 01:36:57
165863632 32275.9 7560 165863632 0 2017-10-16 01:37:38
166742147 32446.9 7600 166742147 0 2017-10-16 01:38:18
167620662 32617.9 7640 167620662 0 2017-10-16 01:38:59
168499177 32788.9 7680 168499177 0 2017-10-16 01:39:40
169377692 32959.9 7720 169377692 0 2017-10-16 01:40:22
170256207 33130.9 7760 170256207 0 2017-10-16 01:41:02
171134722 33301.9 7800 171134722 0 2017-10-16 01:41:43
172013237 33472.9 7840 172013237 0 2017-10-16 01:42:24
172891752 33643.9 7880 172891752 0 2017-10-16 01:43:05
173770267 33814.9 7920 173770267 0 2017-10-16 01:43:46
174648782 33985.9 7960 174648782 0 2017-10-16 01:44:27
175527297 34157.3 8000 175527297 0 2017-10-16 01:45:08
176405812 34329.3 8040 176405812 0 2017-10-16 01:45:49
177284327 34501.3 8080 177284327 0 2017-10-16 01:46:30
178162842 34673.3 8120 178162842 0 2017-10-16 01:47:11
179041357 34845.3 8160 179041357 0 2017-10-16 01:47:51
179919872 35017.3 8200 179919872 0 2017-10-16 01:48:33
180798387 35189.3 8240 180798387 0 2017-10-16 01:49:13
181676902 35361.3 8280 181676902 0 2017-10-16 01:49:54
182555417 35533.3 8320 182555417 0 2017-10-16 01:50:35
183433932 35705.3 8360 183433932 0 2017-10-16 01:51:16
184312447 35877.3 8400 184312447 0 2017-10-16 01:51:57
185190962 36049.3 8440 185190962 0 2017-10-16 01:52:38
186069477 36221.3 8480 186069477 0 2017-10-16 01:53:19
186947992 36393.3 8520 186947992 0 2017-10-16 01:54:00
187826507 36565.3 8560 187826507 0 2017-10-16 01:54:41
188705022 36737.3 8600 188705022 0 2017-10-16 01:55:22
189583537 36909.3 8640 189583537 0 2017-10-16 01:56:03
190462052 37081.3 8680 190462052 0 2017-10-16 01:56:44
191340567 37253.3 8720 191340567 0 2017-10-16 01:57:25
192219082 37425.3 8760 192219082 0 2017-10-16 01:58:06
193097597 37597.3 8800 193097597 0 2017-10-16 01:58:47
193976112 37769.3 8840 193976112 0 2017-10-16 01:59:28
194854627 37941.3 8880 194854627 0 2017-10-16 02:00:09
195733142 38113.3 8920 195733142 0 2017-10-16 02:00:51
196611657 38285.3 8960 196611657 0 2017-10-16 02:01:31
197490172 38457.3 9000 197490172 0 2017-10-16 02:02:12
198368687 38629.3 9040 198368687 0 2017-10-16 02:02:53
199247202 38801.3 9080 199247202 0 2017-10-16 02:03:34
200125717 38973.3 9120 200125717 0 2017-10-16 02:04:15
201004232 39145.3 9160 201004232 0 2017-10-16 02:04:57
201882747 39317.3 9200 201882747 0 2017-10-16 02:05:38
202761262 39489.3 9240 202761262 0 2017-10-16 02:06:19
203639777 39661.3 9280 203639777 0 2017-10-16 02:07:00
204518292 39833.3 9320 204518292 0 2017-10-16 02:07:41
205396807 40005.3 9360 205396807 0 2017-10-16 02:08:22
206275322 40177.3 9400 206275322 0 2017-10-16 02:09:03
207153837 40349.3 9440 207153837 0 2017-10-16 02:09:44
208032352 40521.3 9480 208032352 0 2017-10-16 02:10:25
208910867 40693.3 9520 208910867 0 2017-10-16 02:11:06
209789382 40865.3 9560 209789382 0 2017-10-16 02:11:47
210667897 41037.3 9600 210667897 0 2017-10-16 02:12:28
211546412 41209.3 9640 211546412 0 2017-10-16 02:13:09
212424927 41381.3 9680 212424927 0 2017-10-16 02:13:50
213303442 41553.3 9720 213303442 0 2017-10-16 02:14:31
214181957 41725.3 9760 214181957 0 2017-10-16 02:15:12
215060472 41897.3 9800 215060472 0 2017-10-16 02:15:53
215938987 42069.3 9840 215938987 0 2017-10-16 02:16:34
216817502 42241.3 9880 216817502 0 2017-10-16 02:17:15
217696017 42413.3 9920 217696017 0 2017-10-16 02:17:56
218574532 42585.3 9960 218574532 0 2017-10-16 02:18:37
219453047 42757.3 10000 219453047 0 2017-10-16 02:19:18
220331562 42929.3 10040 220331562 0 2017-10-16 02:19:59
221210077 43101.3 10080 221210077 0 2017-10-16 02:20:40
222088592 43273.3 10120 222088592 0 2017-10-16 02:21:20
222967107 43445.3 10160 222967107 0 2017-10-16 02:22:01
223845622 43617.3 10200 223845622 0 2017-10-16 02:22:42
224724137 43789.3 10240 224724137 0 2017-10-16 02:23:23
225602652 43961.3 10280 225602652 0 2017-10-16 02:24:04
226481167 44133.3 10320 226481167 0 2017-10-16 02:24:45
227359682 44305.3 10360 227359682 0 2017-10-16 02:25:26
228238197 44477.3 10400 228238197 0 2017-10-16 02:26:07
229116712 44649.3 10440 229116712 0 2017-10-16 02:26:48
229995227 44821.3 10480 229995227 0 2017-10-16 02:27:29
230873742 44993.3 10520 230873742 0 2017-10-16 02:28:10
231752257 45165.3 10560 231752257 0 2017-10-16 02:28:51
232630772 45337.3 10600 232630772 0 2017-10-16 02:29:32
233509287 45509.3 10640 233509287 0 2017-10-16 02:30:13
234387802 45681.3 10680 234387802 0 2017-10-16 02:30:54
235266317 45853.3 10720 235266317 0 2017-10-16 02:31:35
236144832 46025.3 10760 236144832 0 2017-10-16 02:32:16
237023347 46197.3 10800 237023347 0 2017-10-16 02:32:57
237901862 46369.3 10840 237901862 0 2017-10-16 02:33:38
238780377 46541.3 10880 238780377 0 2017-10-16 02:34:19
239658892 46713.3 10920 239658892 0 2017-10-16 02:35:00
240537407 46885.3 10960 240537407 0 2017-10-16 02:35:41
241415922 47057.3 11000 241415922 0 2017-10-16 02:36:22
242294437 47229.3 11040 242294437 0 2017-10-16 02:37:03
243172952 47401.3 11080 243172952 0 2017-10-16 02:37:44
244051467 47573.3 11120 244051467 0 2017-10-16 02:38:25
244929982 47745.3 11160 244929982 0 2017-10-16 02:39:06
245808497 47917.3 11200 245808497 0 2017-10-16 02:39:47
246687012 48089.3 11240 246687012 0 2017-10-16 02:40:29
247565527 48261.3 11280 247565527 0 2017-10-16 02:41:10
248444042 48433.3 11320 248444042 0 2017-10-16 02:41:51
249322557 48605.3 11360 249322557 0 2017-10-16 02:42:32
250201072 48777.3 11400 250201072 0 2017-10-16 02:43:13
251079587 48949.3 11440 251079587 0 2017-10-16 02:43:54
251958102 49121.3 11480 251958102 0 2017-10-16 02:44:35
252836617 49293.3 11520 252836617 0 2017-10-16 02:45:16
253715132 49465.3 11560 253715132 0 2017-10-16 02:45:58
254593647 49637.3 11600 254593647 0 2017-10-16 02:46:39
255472162 49809.3 11640 255472162 0 2017-10-16 02:47:20
256350677 49981.3 11680 256350677 0 2017-10-16 02:48:01
257229192 50153.3 11720 257229192 0 2017-10-16 02:48:43
258107707 50325.3 11760 258107707 0 2017-10-16 02:49:24
258986222 50497.3 11800 258986222 0 2017-10-16 02:50:05
259864737 50669.3 11840 259864737 0 2017-10-16 02:50:46
260743252 50841.3 11880 260743252 0 2017-10-16 02:51:27
261621767 51013.3 11920 261621767 0 2017-10-16 02:52:08
262500282 51185.3 11960 262500282 0 2017-10-16 02:52:49
263378797 51357.3 12000 263378797 0 2017-10-16 02:53:30
264257312 51529.3 12040 264257312 0 2017-10-16 02:54:12
265135827 51701.3 12080 265135827 0 2017-10-16 02:54:53
266014342 51873.3 12120 266014342 0 2017-10-16 02:55:34
266892857 52045.3 12160 266892857 0 2017-10-16 02:56:15
267771372 52217.3 12200 267771372 0 2017-10-16 02:56:56
268649887 52389.3 12240 268649887 0 2017-10-16 02:57:37
269528402 52561.3 12280 269528402 0 2017-10-16 02:58:18
270406917 52733.3 12320 270406917 0 2017-10-16 02:58:59
271285432 52905.3 12360 271285432 0 2017-10-16 02:59:40
272163947 53077.3 12400 272163947 0 2017-10-16 03:00:21
273042462 53249.3 12440 273042462 0 2017-10-16 03:01:02
273920977 53421.3 12480 273920977 0 2017-10-16 03:01:43
274799492 53593.3 12520 274799492 0 2017-10-16 03:02:25
275678007 53765.3 12560 275678007 0 2017-10-16 03:03:06
276556522 53937.3 12600 276556522 0 2017-10-16 03:03:47
277435037 54109.3 12640 277435037 0 2017-10-16 03:04:28
278313552 54281.3 12680 278313552 0 2017-10-16 03:05:09
279192067 54453.3 12720 279192067 0 2017-10-16 03:05:51
280070582 54625.3 12760 280070582 0 2017-10-16 03:06:32
280949097 54797.3 12800 280949097 0 2017-10-16 03:07:13
281827612 54969.3 12840 281827612 0 2017-10-16 03:07:54
282706127 55141.3 12880 282706127 0 2017-10-16 03:08:35
283584642 55313.3 12920 283584642 0 2017-10-16 03:09:16
284463157 55485.3 12960 284463157 0 2017-10-16 03:09:57
285341672 55657.3 13000 285341672 0 2017-10-16 03:10:38
286220187 55829.3 13040 286220187 0 2017-10-16 03:11:19
287098702 56001.3 13080 287098702 0 2017-10-16 03:12:00
287977217 56173.3 13120 287977217 0 2017-10-16 03:12:42
288855732 56345.3 13160 288855732 0 2017-10-16 03:13:23
289734247 56517.3 13200 289734247 0 2017-10-16 03:14:04
290612762 56689.3 13240 290612762 0 2017-10-16 03:14:45
291491277 56861.3 13280 291491277 0 2017-10-16 03:15:27
292369792 57033.3 13320 292369792 0 2017-10-16 03:16:08
293248307 57205.3 13360 293248307 0 2017-10-16 03:16:49
294126822 57377.3 13400 294126822 0 2017-10-16 03:17:30
295005337 57549.3 13440 295005337 0 2017-10-16 03:18:12
295883852 57721.3 13480 295883852 0 2017-10-16 03:18:53
296762367 57893.3 13520 296762367 0 2017-10-16 03:19:34
297640882 58065.3 13560 297640882 0 2017-10-16 03:20:16
298519397 58237.3 13600 298519397 0 2017-10-16 03:20:58
299397912 58409.3 13640 299397912 0 2017-10-16 03:21:39
300276427 58581.3 13680 300276427 0 2017-10-16 03:22:20
301154942 58753.3 13720 301154942 0 2017-10-16 03:23:01
302033457 58925.3 13760 302033457 0 2017-10-16 03:23:42
302911972 59097.3 13800 302911972 0 2017-10-16 03:24:23
303790487 59269.3 13840 303790487 0 2017-10-16 03:25:04
304669002 59441.3 13880 304669002 0 2017-10-16 03:25:45
305547517 59613.3 13920 305547517 0 2017-10-16 03:26:27
306426032 59785.3 13960 306426032 0 2017-10-16 03:27:08
307304547 59957.3 14000 307304547 0 2017-10-16 03:27:49
308183062 60129.3 14040 308183062 0 2017-10-16 03:28:30
309061577 60301.3 14080 309061577 0 2017-10-16 03:29:11
309940092 60473.3 14120 309940092 0 2017-10-16 03:29:53
310818607 60645.3 14160 310818607 0 2017-10-16 03:30:34
311697122 60817.3 14200 311697122 0 2017-10-16 03:31:15
312575637 60989.3 14240 312575637 0 2017-10-16 03:31:57
313454152 61161.3 14280 313454152 0 2017-10-16 03:32:37
314332667 61333.3 14320 314332667 0 2017-10-16 03:33:19
315211182 61505.3 14360 315211182 0 2017-10-16 03:34:00
316089697 61677.3 14400 316089697 0 2017-10-16 03:34:42
316968212 61849.3 14440 316968212 0 2017-10-16 03:35:23
317846727 62021.3 14480 317846727 0 2017-10-16 03:36:04
318725242 62193.3 14520 318725242 0 2017-10-16 03:36:46
319603757 62365.3 14560 319603757 0 2017-10-16 03:37:27
320482272 62537.3 14600 320482272 0 2017-10-16 03:38:09
321360787 62709.3 14640 321360787 0 2017-10-16 03:38:49
322239302 62881.3 14680 322239302 0 2017-10-16 03:39:30
323117817 63053.3 14720 323117817 0 2017-10-16 03:40:12
323996332 63225.3 14760 323996332 0 2017-10-16 03:40:53
324874847 63397.3 14800 324874847 0 2017-10-16 03:41:35
325753362 63569.3 14840 325753362 0 2017-10-16 03:42:16
326631877 63741.3 14880 326631877 0 2017-10-16 03:42:57
327510392 63913.3 14920 327510392 0 2017-10-16 03:43:38
328388907 64085.3 14960 328388907 0 2017-10-16 03:44:19
329267422 64257.3 15000 329267422 0 2017-10-16 03:45:00
330145937 64429.3 15040 330145937 0 2017-10-16 03:45:41
331024452 64601.3 15080 331024452 0 2017-10-16 03:46:22
331902967 64773.3 15120 331902967 0 2017-10-16 03:47:03
332781482 64945.3 15160 332781482 0 2017-10-16 03:47:44
333659997 65117.3 15200 333659997 0 2017-10-16 03:48:25
334538512 65289.3 15240 334538512 0 2017-10-16 03:49:07
335417027 65461.3 15280 335417027 0 2017-10-16 03:49:48
336295542 65633.3 15320 336295542 0 2017-10-16 03:50:29
337174057 65805.3 15360 337174057 0 2017-10-16 03:51:10
337174057 65805.3 15360 337174057 0 2017-10-16 03:51:10
